Hateruma	Ikema	Japanese	Ogami	Okinoerabu	Shuri	Tarama	Yonaguni	Yuwan	Korean	EvenD	EvenB	Evenki	Nanai	Negidal	Ulch	Oroch	Orok	Solon	Udehe	Baoan	Buriat	Kalmyk	Khalkha	Mangghuer	Chuvash	Yakut	Khalaj	Shor	Tuvan	Khakas	CrimTatar	Tatar	Bashkir	Turkish	Gagauz	Azerbaijani	Turkmen
0	0	0	0	0	0	0	0	0	0	0	0	0	0	0	0	0	0	0	1	0	0	0	0	0	0	0	0	0	0	0	0	0	0	0	0	0	0
0	0	0	0	0	0	0	0	0	0	0	0	0	0	0	0	0	0	0	0	0	0	0	0	0	0	0	0	0	0	0	0	0	0	0	0	0	0
0	0	0	0	0	0	0	0	0	0	0	0	0	0	0	0	1	0	0	0	0	0	0	0	0	0	0	1	0	0	1	1	0	0	1	1	0	1
0	0	0	0	0	0	0	0	0	0	0	0	0	0	0	0	0	0	0	1	0	0	0	0	1	0	0	0	0	0	0	0	0	0	0	0	0	0
?	?	0	0	?	0	0	?	?	?	?	1	?	1	1	0	?	?	1	1	0	0	?	?	0	0	1	1	?	?	?	?	?	?	1	?	0	0
?	?	0	0	?	?	?	?	?	0	0	?	1	1	0	?	0	1	?	1	?	1	?	1	?	0	1	0	0	?	1	1	1	1	0	0	1	0
0	?	0	0	0	0	0	0	0	0	0	1	1	0	1	0	1	0	1	1	1	0	0	0	0	0	0	0	0	0	0	0	0	0	0	0	0	0
0	?	1	0	0	0	0	0	0	0	0	0	0	0	0	0	0	0	0	0	0	0	0	0	0	0	0	0	0	0	0	0	0	0	0	0	0	0
0	?	0	0	0	0	0	0	1	0	0	0	0	0	0	0	0	0	0	0	0	0	0	?	0	0	1	0	0	0	0	0	0	0	0	0	0	0
0	?	1	0	1	1	?	1	1	1	0	0	0	0	0	0	0	0	0	0	0	0	0	0	0	1	1	0	1	0	1	1	1	0	1	0	0	0
0	?	0	0	0	0	?	0	0	0	0	0	0	0	0	0	0	0	0	0	0	0	0	0	0	0	0	0	0	0	0	0	0	0	0	0	0	0
0	?	0	0	0	0	?	0	0	0	0	0	0	0	0	0	0	0	0	0	1	0	0	0	0	0	0	0	0	0	0	0	0	0	0	0	0	0
0	0	0	0	0	0	0	0	0	0	0	0	0	0	0	0	0	0	0	0	0	0	0	0	0	0	0	0	0	0	0	0	0	0	0	0	0	0
0	?	1	0	0	0	0	0	1	?	0	1	0	0	?	0	0	0	0	0	0	0	1	1	0	0	0	0	0	0	0	0	0	0	0	0	0	0
0	0	0	0	0	0	0	?	0	0	0	0	0	0	0	0	0	?	?	0	0	0	0	0	0	0	0	0	0	0	?	0	0	0	0	0	0	0
0	0	0	0	0	0	0	0	0	0	0	0	0	0	0	0	0	0	0	0	0	0	0	0	0	0	0	0	0	0	0	0	0	0	0	0	0	0
0	0	0	0	0	0	0	0	0	0	0	0	0	0	0	0	0	0	0	0	1	0	0	0	0	0	0	0	0	0	0	0	0	0	0	0	0	0
0	1	0	0	0	0	1	1	0	1	1	1	1	1	1	1	0	0	1	0	1	1	1	1	1	1	1	1	1	1	1	1	1	1	1	1	1	1
?	?	1	1	1	?	?	1	1	1	1	?	1	1	1	?	1	?	1	1	1	0	?	0	1	1	1	1	1	?	1	?	?	1	1	1	1	1
?	?	1	0	1	?	?	?	?	1	1	?	1	1	?	1	1	?	?	1	1	1	1	1	?	1	1	1	1	1	1	1	1	1	1	1	1	1
?	?	0	1	1	?	?	?	1	1	1	?	1	1	?	1	1	?	?	0	1	1	?	1	?	0	1	1	1	1	0	1	1	1	1	1	1	1
?	?	1	0	0	?	?	?	?	1	1	?	1	0	1	1	1	?	?	1	1	1	1	1	?	1	1	1	1	1	1	1	1	1	1	1	1	1
0	0	0	0	0	0	0	0	0	0	0	0	0	0	0	0	0	0	0	0	0	0	0	0	0	0	0	0	0	0	0	0	0	0	0	0	0	0
0	0	0	0	0	0	0	0	0	0	0	0	0	0	0	0	0	0	0	0	0	0	0	0	0	0	0	0	0	0	0	0	0	0	0	0	0	0
0	0	0	0	0	0	0	0	0	0	0	0	0	0	0	0	0	0	0	0	0	0	0	0	0	0	0	0	0	0	0	0	0	0	0	0	0	0
0	0	0	0	0	0	0	0	0	0	0	0	0	0	0	0	0	0	0	0	0	0	0	0	0	0	0	0	0	0	0	0	0	0	0	0	0	0
1	?	1	1	1	1	1	1	1	1	0	0	1	1	1	1	?	0	0	0	0	0	0	0	0	0	0	0	0	0	0	1	0	0	0	0	0	0
0	0	0	0	0	0	0	0	0	0	0	0	0	0	0	0	0	0	0	0	0	0	0	0	0	0	0	0	0	0	0	0	0	0	0	0	0	0
0	0	0	0	?	0	?	0	0	0	0	1	1	1	1	1	1	1	0	1	0	0	?	0	0	1	0	0	0	0	0	0	0	0	0	0	0	0
1	0	1	0	?	1	1	1	1	1	0	0	0	0	0	0	0	0	0	0	0	?	0	0	0	0	0	0	0	?	0	1	0	0	1	1	0	0
0	0	1	0	?	1	1	1	?	1	0	0	0	0	0	0	0	0	0	0	0	0	0	0	0	0	0	0	0	?	0	0	0	0	0	0	0	0
0	1	1	1	1	1	1	1	1	1	1	1	1	1	1	1	1	1	1	1	1	1	1	1	1	1	1	1	1	1	1	1	1	1	1	1	1	1
0	?	1	1	1	1	1	1	1	0	1	1	1	1	1	1	1	1	1	1	1	1	1	1	1	1	1	1	1	1	1	1	1	1	1	1	1	1
1	1	1	1	1	1	1	1	1	1	1	1	1	1	1	1	1	1	1	1	1	1	1	1	1	1	1	1	1	1	1	1	1	1	1	1	1	1
1	?	1	1	1	1	1	1	?	1	1	1	1	1	1	1	1	1	1	1	1	1	1	1	1	1	1	1	1	1	1	1	1	1	1	1	1	1
0	0	0	0	0	0	0	0	0	0	0	0	0	0	0	0	0	0	0	0	0	0	0	0	0	0	0	0	0	?	0	0	0	0	0	0	0	0
1	1	1	1	1	1	0	1	1	1	1	1	1	1	1	1	1	1	1	1	1	1	1	1	1	1	1	1	1	?	1	1	1	1	1	1	1	1
0	0	0	0	0	0	0	0	0	0	0	0	0	0	0	0	0	0	0	0	0	0	0	0	0	0	0	0	0	0	0	0	0	0	0	0	0	0
1	1	1	1	1	1	1	1	1	1	1	1	1	1	1	1	1	1	1	1	1	1	1	1	1	1	1	1	1	1	1	1	1	1	1	1	1	1
0	0	0	0	0	0	0	0	0	0	0	0	0	0	0	0	0	0	0	0	0	0	0	0	0	0	0	0	0	0	0	0	0	0	0	0	0	0
1	1	1	0	1	1	1	1	1	0	1	1	1	1	1	1	1	1	1	0	0	1	0	1	?	1	0	1	1	1	1	1	1	1	1	1	1	1
1	1	1	1	1	1	1	1	1	1	0	1	1	1	1	1	1	1	1	1	1	1	1	1	1	1	1	1	1	1	1	1	1	1	1	1	1	1
0	?	0	0	0	0	0	0	0	1	1	1	1	1	1	1	1	1	1	1	1	0	0	0	?	0	1	0	1	1	1	1	1	1	1	1	1	1
1	?	1	1	1	1	0	1	1	0	0	1	1	0	1	1	1	?	1	1	1	1	1	1	1	0	0	0	1	1	1	1	0	0	1	0	0	1
0	0	0	0	0	0	0	0	0	0	1	1	1	1	1	1	1	1	1	1	0	1	0	0	0	1	1	1	1	1	1	1	1	1	1	1	1	1
0	0	0	0	0	0	0	0	0	0	0	0	0	0	0	0	0	0	0	0	0	0	0	0	0	0	0	0	0	0	0	0	0	0	0	0	0	0
0	0	0	0	0	0	0	0	0	0	1	1	1	1	1	1	1	1	1	1	0	1	0	0	0	1	1	1	1	1	1	1	1	1	1	1	1	1
0	0	0	0	0	0	0	0	0	0	0	0	0	0	0	0	0	0	0	0	0	0	0	0	0	0	0	0	0	0	0	0	0	0	0	0	0	0
0	0	0	0	0	0	0	0	0	0	0	0	0	0	0	0	0	0	0	0	0	0	0	0	0	0	0	0	0	0	0	0	0	0	0	0	0	0
0	0	0	0	0	0	0	0	0	0	0	0	0	0	0	0	0	0	0	0	0	0	0	0	0	0	0	0	0	0	0	0	0	0	0	0	0	0
0	0	0	0	0	1	0	0	0	0	0	0	0	0	0	0	0	0	0	0	0	0	0	0	0	0	0	0	0	0	0	0	0	?	0	0	0	0
0	0	0	0	0	0	0	0	0	0	0	0	0	0	0	0	0	0	0	0	0	0	0	0	0	0	0	0	0	0	0	0	0	?	0	0	0	0
0	0	0	0	0	0	0	0	0	0	0	0	0	0	0	0	0	0	0	0	0	0	0	0	0	0	0	0	0	0	0	0	0	?	0	0	0	0
0	0	0	0	0	0	0	0	0	0	?	0	0	0	0	0	0	0	0	0	0	?	0	0	0	0	0	0	0	0	0	0	0	?	0	0	0	0
0	0	0	0	0	0	0	0	0	0	0	0	0	0	0	0	0	0	0	0	?	0	0	0	0	0	0	0	0	0	0	0	0	0	0	0	0	0
0	0	0	0	0	0	0	0	0	0	0	0	0	0	0	0	0	0	0	0	?	0	0	0	0	0	0	0	0	0	0	0	0	0	0	0	0	0
0	?	1	0	0	0	?	0	0	1	0	0	0	0	0	0	0	0	0	0	0	?	0	0	1	1	0	0	0	?	0	0	0	0	0	0	?	0
1	1	1	1	1	1	1	1	1	1	?	1	0	1	0	1	1	0	0	0	0	1	0	1	0	1	1	1	1	1	1	1	1	1	1	1	1	1
0	?	0	1	0	0	0	0	0	0	1	1	1	0	1	0	1	?	1	0	0	0	0	?	0	0	0	0	0	0	0	0	0	?	0	0	0	0
0	0	0	0	0	0	0	0	0	?	?	0	0	0	0	0	0	0	0	0	0	0	?	0	0	0	0	0	0	0	0	0	0	?	0	0	0	0
?	?	0	0	0	?	?	?	?	?	?	0	0	0	0	0	0	0	0	0	0	0	?	0	0	0	0	0	0	0	0	?	0	?	0	0	0	0
1	1	1	1	1	1	1	1	?	1	1	1	1	1	?	1	1	1	?	1	?	0	?	0	0	1	0	0	0	?	?	0	0	?	0	0	0	0
1	?	1	1	1	1	?	?	?	1	1	1	1	1	?	1	1	1	1	1	1	1	1	1	1	1	1	1	1	1	1	1	1	1	1	1	1	1
?	?	0	0	0	?	?	0	?	1	?	0	0	0	?	1	1	?	?	1	0	0	1	1	0	1	1	1	1	1	1	1	1	1	1	1	1	1
?	?	1	?	0	?	?	0	?	1	1	1	1	0	1	0	1	?	1	1	1	1	1	1	1	1	1	1	1	1	1	1	1	1	1	1	1	1
0	0	0	0	0	0	0	0	0	0	0	0	0	0	0	0	0	0	0	0	0	0	0	0	0	0	0	0	0	0	0	0	0	0	0	0	0	0
1	1	1	0	1	1	1	1	1	1	?	1	1	1	?	1	1	1	1	1	1	1	?	1	1	0	1	1	1	?	1	1	1	1	1	1	1	?
?	?	0	1	?	?	?	?	?	1	?	?	0	0	?	0	?	?	?	0	?	?	?	?	1	0	0	?	1	?	?	0	0	?	1	0	0	0
1	0	0	1	0	0	0	1	0	0	0	0	1	0	1	?	1	?	1	1	1	1	1	1	0	1	1	0	1	0	1	1	1	1	1	0	1	1
1	1	1	1	1	1	1	1	1	1	0	0	1	0	0	?	0	?	1	1	1	1	1	1	0	1	1	0	1	0	1	0	1	1	1	0	1	1
0	0	0	0	0	0	0	0	0	0	0	0	1	1	1	1	0	?	1	1	0	0	1	0	0	1	1	1	1	0	1	0	1	0	1	0	1	0
1	?	1	0	?	1	?	1	1	1	?	?	0	0	?	1	?	?	?	0	?	0	?	0	0	0	0	?	0	?	?	0	?	?	0	0	0	0
1	1	1	?	1	?	?	1	1	1	?	?	?	0	?	?	?	?	1	1	?	?	?	?	?	1	1	?	?	?	1	1	1	?	1	1	1	1
0	0	0	0	0	0	0	0	0	0	0	0	?	0	0	0	0	0	0	0	0	0	0	0	0	0	0	0	1	0	0	0	0	0	0	0	0	0
1	1	1	1	1	1	?	1	1	1	?	1	0	0	?	0	?	1	?	1	0	0	?	0	0	0	1	1	1	?	?	1	?	1	1	0	1	?
0	0	0	0	0	0	?	0	0	?	?	?	?	0	?	?	?	0	0	0	0	?	?	0	0	0	1	?	?	?	?	?	?	?	0	0	0	?
0	0	0	0	0	0	0	0	0	0	0	0	0	0	0	0	0	0	0	0	0	0	0	0	0	0	0	0	0	0	0	0	0	0	0	0	0	0
0	0	0	0	0	0	0	0	0	0	0	0	0	0	0	0	0	0	0	0	0	0	0	0	0	0	0	0	0	0	0	0	0	0	0	0	0	0
0	0	0	0	0	0	0	0	0	0	0	1	0	0	0	0	0	0	0	0	0	0	0	0	0	0	0	1	0	0	0	0	0	0	0	1	0	0
1	1	1	1	1	1	1	1	1	1	1	1	1	1	1	1	1	1	1	1	1	1	1	1	1	1	1	1	1	1	1	1	1	1	1	1	1	1
1	?	1	1	1	1	?	1	1	1	?	0	1	1	1	?	?	1	1	1	1	?	?	?	1	1	1	0	1	?	?	1	1	1	1	1	1	1
?	?	1	1	?	?	?	1	1	1	?	?	0	1	?	1	?	1	1	0	?	1	1	1	1	1	?	?	?	?	1	1	1	?	1	1	0	?
1	0	0	0	?	?	?	0	?	0	?	0	0	0	0	0	?	?	0	0	1	?	0	1	1	1	1	1	1	?	1	1	?	?	1	0	1	1
1	1	1	1	1	1	1	1	1	0	?	1	0	1	1	1	1	0	0	0	0	1	1	0	0	1	1	1	1	1	1	1	1	1	1	1	1	1
0	0	0	0	0	0	0	0	0	0	?	0	0	0	0	0	1	?	?	0	0	0	0	0	0	0	0	0	0	0	0	0	0	0	0	0	0	0
1	1	1	1	1	?	1	1	1	1	0	?	0	1	1	1	1	0	0	0	1	1	1	1	1	1	1	0	0	?	0	?	0	0	0	0	1	0
1	0	1	0	0	0	1	1	0	1	?	0	0	1	?	?	?	0	0	0	0	?	0	0	0	0	0	0	0	?	0	0	?	0	0	0	0	0
?	?	1	?	?	0	?	0	1	1	0	0	0	1	?	?	1	?	?	1	?	?	?	?	1	0	0	0	0	?	?	?	?	?	0	?	0	?
1	1	1	1	1	1	1	1	1	1	1	1	1	0	1	1	1	1	1	1	0	1	1	1	0	0	1	1	1	1	1	1	1	1	1	1	1	1
0	0	0	0	0	0	0	0	?	0	0	0	0	0	0	0	0	0	0	0	0	0	0	0	0	0	0	0	0	0	0	0	0	0	0	0	0	0
0	0	0	0	0	0	0	0	0	0	0	0	0	0	0	0	0	0	0	0	0	0	0	0	0	0	0	0	0	0	0	0	0	0	0	0	0	0
1	1	1	1	1	1	?	1	1	1	?	?	1	1	1	?	1	1	1	1	0	?	1	1	1	1	1	?	1	1	1	1	?	1	1	0	1	1
0	0	0	0	0	0	0	0	0	0	?	?	0	0	0	0	?	?	0	1	0	0	0	0	0	0	0	0	0	0	0	0	0	0	0	0	0	0
1	1	0	1	?	1	?	?	1	1	1	1	1	1	0	1	1	1	1	1	?	1	0	1	0	0	1	0	1	1	1	0	1	1	1	?	0	1
1	1	1	1	1	1	1	1	1	1	?	1	1	1	1	1	1	1	1	1	1	1	1	1	1	1	1	1	1	1	1	1	1	1	1	1	1	1
0	0	0	0	0	0	0	0	0	1	0	0	0	0	?	0	0	0	0	0	0	0	0	0	0	0	0	0	0	0	0	0	0	0	0	0	0	0
?	0	0	0	?	?	0	?	?	0	0	?	0	0	?	0	0	?	0	0	1	0	0	?	0	0	0	0	0	1	?	?	0	?	0	?	0	0
?	0	0	0	?	?	0	?	?	1	0	?	0	0	?	0	0	?	0	0	0	0	1	?	0	0	0	0	0	?	?	1	0	?	0	0	?	1
?	0	1	1	?	?	1	?	1	1	0	?	1	1	?	1	1	?	0	1	1	1	1	0	0	1	1	1	?	?	1	1	0	1	1	?	1	1
0	0	0	0	0	0	0	0	0	0	0	0	0	0	0	0	0	0	0	0	0	0	0	0	0	0	0	0	0	0	0	0	0	0	0	0	0	0
0	0	0	0	0	0	0	0	0	0	0	0	0	0	0	0	0	0	0	0	1	0	0	0	0	0	0	0	0	0	0	0	0	0	0	0	0	0
0	?	0	1	0	0	0	0	?	0	0	0	0	0	0	0	0	0	0	0	0	0	0	0	0	0	0	0	0	0	0	0	0	0	0	0	0	0
0	0	0	0	0	0	0	0	0	0	0	0	0	0	0	0	0	0	0	0	0	0	0	0	0	0	0	0	0	0	0	0	0	0	0	0	0	0
0	0	0	0	0	0	0	0	0	0	0	0	0	0	0	0	0	0	0	0	0	0	0	0	0	0	0	0	0	0	0	0	0	0	0	0	0	0
0	0	0	0	0	0	0	0	0	0	0	0	0	0	0	0	0	0	0	0	0	0	0	0	0	0	0	0	0	0	0	0	0	0	0	0	0	0
0	0	0	0	?	0	0	0	0	0	0	0	0	0	0	0	0	0	0	0	0	0	0	0	0	0	0	0	0	0	0	0	0	0	0	0	0	0
0	?	0	0	0	0	0	0	0	0	1	?	1	0	0	0	0	0	0	1	0	1	0	0	0	0	0	0	0	0	0	0	0	0	0	0	0	0
0	?	1	0	?	0	?	?	0	0	1	0	1	0	?	1	0	0	?	0	?	1	0	0	?	0	0	1	0	?	0	0	0	0	0	0	0	0
0	?	0	0	0	0	0	0	0	0	0	0	0	0	0	0	0	0	0	0	0	0	0	0	0	0	0	0	0	0	0	0	0	0	0	0	0	0
1	1	1	1	?	1	1	1	1	1	?	1	1	1	1	1	1	?	?	1	?	1	1	0	?	0	1	?	1	1	1	1	1	1	1	1	1	1
?	0	0	0	0	0	0	1	0	0	1	0	1	0	1	0	0	?	?	0	?	?	?	0	?	0	0	?	0	0	0	0	0	?	0	0	0	0
0	0	0	0	0	0	0	0	0	0	0	0	0	0	0	0	0	0	0	0	0	0	0	0	0	0	0	0	0	0	0	0	0	0	0	0	0	0
0	?	1	0	0	0	0	0	0	0	0	0	0	0	0	0	0	0	0	0	0	0	0	0	0	0	0	0	0	0	0	0	0	0	0	0	0	0
0	?	1	0	0	0	0	0	0	0	0	0	0	0	0	0	0	0	0	0	0	0	0	0	0	0	0	0	0	0	0	0	0	0	0	0	0	0
0	0	0	0	0	0	0	0	0	0	0	0	0	0	0	0	0	0	0	0	0	0	0	0	0	0	0	0	0	0	0	0	0	0	0	0	0	0
?	?	1	1	?	?	?	?	?	1	1	?	1	1	?	1	?	?	?	1	?	1	?	1	?	1	1	?	?	0	1	1	1	1	1	1	0	1
1	1	1	0	?	?	1	0	0	0	0	?	0	0	0	?	?	0	0	0	0	0	0	0	0	0	0	0	0	0	?	0	?	0	0	0	0	0
1	?	1	1	?	?	?	1	1	1	1	?	0	1	0	?	?	1	1	1	1	0	1	1	1	0	0	0	0	1	1	1	?	1	0	1	1	1
0	?	1	0	?	?	?	0	0	0	0	?	1	1	1	?	?	1	1	1	1	0	1	1	1	0	0	0	0	0	?	0	?	0	0	0	0	0
0	?	0	0	?	?	?	0	1	1	0	?	1	0	0	?	1	1	1	1	0	1	0	1	0	1	0	1	1	0	1	1	?	1	1	1	1	1
0	?	0	0	?	?	?	0	0	0	0	?	0	1	0	?	?	?	1	1	0	1	1	1	0	0	1	0	0	0	?	0	?	0	0	0	0	0
0	0	1	1	0	0	0	0	0	0	?	1	1	0	0	0	?	0	0	1	0	0	0	0	0	0	0	?	0	0	0	0	1	1	0	1	1	0
0	0	0	0	0	0	0	0	0	0	?	0	0	0	0	0	?	0	0	0	0	0	0	0	0	0	0	?	0	0	0	0	0	0	0	0	0	0
0	0	0	0	0	0	0	0	0	0	?	0	0	0	0	0	0	0	0	0	0	0	0	0	0	0	0	?	0	0	0	0	0	0	0	0	0	0
1	1	1	1	1	1	1	1	1	1	?	1	1	1	1	1	1	1	1	0	0	1	1	1	0	1	1	?	1	1	1	1	1	1	1	1	1	1
0	0	0	0	0	0	0	0	0	0	?	0	0	0	0	1	0	0	0	0	0	0	0	0	0	0	0	?	0	0	0	0	0	0	0	0	0	0
?	?	0	0	?	?	?	0	?	0	0	0	0	0	0	0	0	0	0	0	0	0	0	0	0	0	0	?	0	0	0	0	0	0	0	0	0	0
1	?	0	0	?	?	?	0	?	0	1	1	1	0	1	0	1	0	1	1	1	1	1	1	1	1	?	1	1	1	1	1	1	1	1	1	1	1
?	?	0	0	?	?	?	0	?	0	0	0	0	0	0	0	0	0	0	0	0	0	0	0	0	0	0	0	0	0	0	0	0	0	0	0	0	0
1	?	1	1	1	?	?	1	1	1	0	0	0	1	0	1	0	1	0	0	0	0	0	0	0	0	1	0	0	0	0	0	0	0	0	0	0	0
?	?	0	0	0	?	?	?	?	0	1	1	1	0	0	0	0	0	0	0	0	0	0	0	?	1	0	1	0	0	0	1	1	1	0	0	0	1
?	?	0	0	0	?	?	?	?	1	0	0	0	0	0	0	0	0	0	0	0	0	0	0	0	0	0	0	0	0	0	0	0	0	1	1	0	0
0	0	0	0	0	0	0	0	0	0	?	0	0	0	0	0	0	0	0	0	0	0	0	0	0	0	0	?	0	0	0	0	0	0	0	0	0	0
0	0	0	1	0	0	0	0	0	0	?	1	0	0	0	0	0	0	0	0	1	0	1	0	1	0	0	?	0	0	0	0	0	0	0	0	0	0
0	0	0	0	0	0	0	0	0	0	0	0	0	0	0	0	0	0	0	0	0	0	0	0	0	0	0	0	0	0	0	0	0	0	0	0	0	0
?	?	1	1	?	?	?	?	?	1	0	?	0	1	1	1	1	?	?	1	?	0	1	0	0	0	1	0	?	?	1	?	0	1	0	?	0	0
0	0	0	0	0	0	0	0	0	0	?	0	0	0	0	0	0	0	0	0	0	0	0	0	0	0	0	?	0	0	0	0	0	0	0	0	0	0
0	0	0	0	0	0	1	1	0	0	1	1	1	1	1	1	1	1	1	1	0	0	0	?	0	0	0	0	0	0	0	0	0	0	0	0	0	0
0	0	0	0	0	0	0	0	0	1	?	0	0	0	0	1	0	0	?	0	1	0	1	1	1	0	1	0	?	0	0	0	0	0	0	0	0	0
0	?	0	0	?	0	?	?	?	?	?	0	0	0	0	?	?	?	?	0	0	0	?	0	0	0	0	0	0	?	?	?	0	?	0	0	0	0
?	?	0	0	?	?	?	?	?	0	?	1	0	0	?	?	?	?	?	1	?	?	?	?	0	?	?	?	1	?	?	?	?	?	1	1	1	?
0	0	0	0	0	0	0	0	0	0	0	0	0	0	0	0	0	0	0	0	0	0	0	0	0	0	0	0	0	0	0	0	0	0	0	0	0	0
0	0	0	0	0	0	0	0	0	0	0	0	0	0	0	0	0	0	0	0	0	0	0	0	0	0	0	0	0	0	0	0	0	0	0	0	0	0
1	1	1	1	1	1	?	1	1	1	?	1	1	0	1	?	1	1	1	1	0	?	?	1	0	0	1	?	?	1	1	1	?	?	1	?	1	1
1	?	1	1	1	?	?	1	1	1	1	1	1	1	1	1	1	1	1	1	1	1	1	1	1	1	1	0	?	?	?	1	1	?	1	1	1	1
?	?	1	?	1	?	?	0	?	1	?	?	0	?	?	0	?	0	0	?	0	0	0	?	0	0	0	?	?	?	0	?	?	0	0	0	?
0	0	0	0	0	0	0	0	0	1	?	0	1	0	1	0	0	?	1	1	?	0	0	0	0	1	1	1	1	0	1	1	0	0	0	1	1	1
1	1	1	1	1	1	1	1	1	1	1	1	1	1	1	1	1	1	1	1	1	1	1	1	1	1	1	1	1	1	1	1	1	1	1	1	1	1
?	?	0	0	0	0	0	0	1	0	0	0	0	0	0	0	0	0	0	0	?	1	0	1	0	0	1	0	0	1	0	0	0	1	0	1	0	0
0	0	0	0	0	0	0	0	0	0	0	0	0	0	0	0	0	0	0	0	0	0	0	0	0	0	0	0	0	0	0	0	0	0	0	0	0	0
0	0	0	0	0	0	0	0	0	0	0	0	0	0	0	0	0	0	0	0	0	0	0	0	0	0	0	0	0	0	0	0	0	0	0	0	0	0
0	0	0	0	0	0	0	0	0	0	0	0	0	0	0	0	0	0	0	0	0	0	0	0	1	0	0	0	0	0	0	0	0	0	0	0	0	0
0	0	0	0	0	0	0	0	0	0	0	0	0	0	0	0	0	0	0	0	0	0	0	0	0	0	0	0	0	0	0	0	0	0	0	0	0	0
0	0	0	0	0	0	0	0	0	0	0	0	0	0	0	0	0	0	0	0	0	0	0	0	1	0	0	0	0	0	0	0	0	0	0	0	0	0
0	0	0	0	0	0	0	0	0	0	0	0	0	0	0	0	0	0	0	0	0	0	0	0	0	0	0	0	0	0	0	0	0	0	0	0	0	0
0	0	0	0	0	0	0	0	0	0	0	0	0	0	0	0	0	0	0	0	0	0	0	0	0	0	0	0	0	0	0	0	0	0	0	0	0	0
0	0	0	0	0	0	0	0	0	0	0	0	0	0	0	0	0	0	0	0	0	0	0	0	0	0	0	0	0	0	0	0	0	0	0	0	0	0
0	?	0	0	0	0	0	1	0	1	0	0	0	0	0	0	0	?	0	0	0	0	0	0	0	1	1	0	0	?	0	0	0	0	0	0	0	1
1	?	0	1	1	0	0	0	0	0	0	0	0	0	0	0	0	?	0	0	0	0	0	0	1	?	0	0	0	?	1	1	1	0	0	1	0	0
?	?	1	0	1	0	?	?	?	0	?	0	1	1	0	1	?	1	0	0	1	1	1	1	1	0	1	0	1	1	?	?	0	0	0	1	0	?
?	?	0	0	0	?	?	?	1	1	?	?	0	0	?	?	0	0	0	0	?	0	0	1	?	0	1	?	0	1	1	0	?	0	1	0	0	0
?	?	1	1	1	?	1	1	1	1	?	?	0	1	?	?	?	1	1	0	1	1	1	1	1	1	1	?	1	?	1	1	1	0	1	1	1	1
0	0	0	0	0	0	0	0	0	0	?	1	0	0	?	0	?	0	0	1	0	0	0	0	0	0	0	1	?	?	1	0	0	0	0	1	1	0
1	1	1	1	1	1	1	1	1	1	?	?	1	1	?	1	1	1	1	1	1	1	1	1	1	1	1	1	?	?	1	1	1	1	1	1	1	1
?	?	1	0	?	?	?	?	0	0	?	?	1	0	?	?	?	?	0	1	0	0	?	0	0	0	1	0	0	?	0	0	0	0	0	0	?	?
?	?	0	0	0	0	0	?	0	0	?	0	0	0	?	?	?	0	0	0	?	?	0	0	0	0	0	0	0	?	0	0	0	0	0	0	?	?
?	?	0	0	0	0	0	?	0	0	?	0	0	0	?	?	?	0	0	0	?	?	0	0	0	0	0	0	0	?	0	0	0	0	0	0	?	?
?	?	1	1	1	?	?	?	1	1	1	1	1	1	1	1	1	1	1	1	1	1	1	1	1	1	1	1	1	1	1	1	1	1	1	1	1	1
?	?	0	0	0	?	?	0	0	0	0	0	0	0	0	0	0	0	0	0	0	0	0	0	0	0	0	0	0	0	0	0	0	0	0	0	0	0
?	?	0	0	0	?	?	?	0	0	0	0	0	0	0	0	0	0	0	0	0	0	0	0	0	0	0	0	0	0	0	0	0	0	0	0	0	0
?	?	0	0	0	?	?	0	0	0	0	0	0	0	0	0	0	0	0	0	0	0	0	0	0	0	0	0	0	0	0	0	0	0	0	0	0	0
0	0	0	0	0	0	0	0	0	0	0	0	0	0	0	0	0	?	?	1	?	0	?	0	0	1	0	0	0	0	0	0	1	?	0	0	0	1
?	?	1	?	?	?	?	1	?	?	?	?	0	0	?	?	?	?	?	0	?	?	?	?	?	0	?	?	?	?	?	?	?	?	0	1	0	?
0	?	0	0	?	0	?	?	?	?	?	0	0	0	0	0	?	?	?	0	0	0	?	0	0	0	0	0	?	0	?	?	0	?	0	0	0	0
?	?	1	1	?	1	?	?	?	?	?	0	0	0	0	?	?	?	?	0	0	0	?	0	0	0	0	0	?	0	?	?	0	?	0	0	0	0
0	1	1	1	1	1	1	1	1	1	1	1	1	1	1	1	1	1	1	1	1	1	1	1	1	1	1	1	1	1	1	1	1	1	1	1	1	1
0	0	0	0	0	0	0	0	0	?	0	0	0	0	0	0	0	0	0	?	0	?	0	?	0	0	0	0	0	0	0	0	0	?	0	0	0	0
1	0	0	0	0	0	0	0	0	1	0	0	0	0	0	0	0	0	0	1	1	1	1	1	1	1	1	1	1	1	?	1	0	1	1	1	1	1
0	?	1	0	1	1	0	0	1	1	0	0	0	0	0	1	0	0	0	0	0	1	1	0	0	1	0	0	0	0	0	0	0	0	0	1	0	0
?	?	0	0	0	?	?	0	0	0	?	0	0	0	?	?	?	0	0	0	?	?	?	0	0	0	0	1	?	?	?	1	1	?	1	1	?	?
?	?	1	1	0	?	?	1	1	1	?	0	0	0	?	?	?	0	0	0	?	?	?	0	0	0	0	0	?	?	?	?	0	?	0	0	?	?
0	0	0	0	0	0	0	0	0	0	0	0	0	0	0	0	0	0	0	0	0	0	0	0	0	0	0	0	0	0	0	0	0	0	0	0	0	0
1	0	0	0	0	0	0	0	0	0	0	0	0	0	0	0	0	0	0	0	0	0	0	0	0	0	0	0	0	0	0	0	0	0	0	0	0	0
1	1	1	1	1	1	1	1	1	1	0	0	1	0	0	0	0	1	1	0	1	1	0	1	1	1	0	1	1	1	1	1	1	1	1	1	1	1
0	0	0	0	0	0	0	0	0	0	1	1	1	1	1	1	1	1	1	1	?	1	1	1	1	1	1	1	1	1	1	1	1	1	1	1	1	1
0	1	1	1	0	0	0	0	?	0	0	0	0	0	0	0	0	?	0	0	0	0	0	0	0	0	0	?	0	0	0	1	1	0	0	1	0	1
0	0	0	1	0	0	0	0	0	0	0	0	0	0	0	0	0	?	0	0	0	0	0	0	0	0	0	0	0	0	0	0	0	0	0	0	0	1
0	0	0	0	0	0	0	0	0	0	0	0	0	0	0	0	0	?	0	0	1	0	0	0	0	0	1	0	0	0	0	1	0	0	0	0	0	0
1	1	1	1	1	?	1	1	1	1	1	1	0	1	?	?	1	?	?	1	1	1	?	1	1	1	?	1	1	1	1	1	1	1	1	1	1	1
1	?	1	1	1	1	1	0	0	1	1	1	1	1	1	1	1	1	?	1	1	1	1	1	1	1	1	1	1	1	1	1	1	1	1	1	1	1
0	0	0	0	0	0	0	0	0	1	?	0	0	0	0	1	0	?	0	0	0	1	1	?	0	1	1	1	1	1	0	1	1	1	1	1	1	1
0	0	0	0	0	0	0	0	0	0	?	1	1	0	1	0	1	?	1	0	0	0	0	?	0	0	0	0	0	0	0	0	0	0	0	0	0	0
0	0	0	0	0	0	0	?	0	0	1	1	1	1	1	1	1	1	0	1	1	0	0	0	0	0	0	0	0	0	0	0	0	0	0	0	0	0
0	?	1	1	1	1	1	?	1	1	0	0	0	0	0	0	0	0	0	0	1	0	?	0	1	0	0	0	?	0	0	?	?	0	0	0	0	1
0	1	0	1	0	0	1	0	0	0	?	0	0	0	0	0	0	0	0	0	0	0	0	0	1	0	0	0	0	0	0	0	?	0	0	0	0	0
1	1	1	0	1	1	1	1	1	0	1	1	1	1	1	1	1	1	1	1	1	1	1	1	0	0	1	1	1	1	1	1	1	1	1	1	1	1
?	0	0	?	?	?	1	?	?	0	0	0	?	1	0	0	1	?	1	0	1	1	1	?	?	1	0	1	1	?	?	?	?	1	1	?	1	1
1	1	1	1	1	1	1	0	1	1	1	1	1	1	1	1	1	1	1	1	1	1	1	1	1	1	1	1	1	1	1	1	1	1	1	1	1	1
0	?	0	0	0	0	0	0	0	0	1	0	1	1	1	1	1	1	1	1	1	1	?	1	1	1	0	1	1	1	1	1	1	0	1	0	1	1
0	?	0	0	0	0	0	0	0	0	1	1	1	1	1	1	1	1	1	1	1	1	1	1	1	1	0	1	1	1	1	1	1	1	1	1	1	1
0	?	0	0	0	0	1	1	0	1	0	0	0	0	1	0	0	?	0	0	1	1	1	1	0	?	0	0	0	0	0	0	0	0	1	0	1	1
0	0	0	0	0	0	0	1	0	1	1	1	1	1	1	1	1	1	1	1	1	1	?	1	0	0	0	1	1	1	1	1	1	1	0	0	0	1
1	1	1	0	1	0	1	0	0	0	0	0	0	0	0	0	1	0	0	0	1	1	1	1	0	0	0	1	1	1	1	1	1	1	1	1	1	1
0	0	0	0	0	0	0	0	0	0	1	1	1	1	0	1	1	0	1	0	1	1	1	1	1	1	1	1	1	1	1	1	1	1	1	1	1	1
?	1	1	1	1	1	1	0	1	1	1	1	1	1	1	1	1	1	1	1	0	1	1	1	0	0	1	1	1	1	1	0	0	0	0	1	0	1
1	?	1	1	1	1	?	0	1	0	0	0	0	1	1	0	1	1	0	1	0	1	?	1	0	0	1	0	0	0	0	0	0	0	0	0	0	0
1	?	0	0	0	?	?	?	0	0	1	0	0	0	0	?	0	0	0	0	0	0	0	0	0	0	0	0	0	0	0	0	0	0	0	0	0	0
1	0	1	0	0	0	0	0	0	1	0	1	1	1	1	1	1	1	1	1	1	?	?	1	1	1	0	1	1	1	1	1	1	1	1	1	1	1
0	0	0	0	0	0	0	0	0	0	0	0	0	0	0	0	0	0	0	1	1	1	1	1	1	1	1	1	1	1	?	1	1	1	1	1	1	1
1	1	0	?	1	1	1	1	1	0	?	1	1	1	1	1	?	1	1	0	1	1	0	1	?	1	1	?	1	?	1	1	1	1	1	1	1	1
1	1	1	1	1	1	?	0	1	1	?	1	1	0	1	?	1	1	1	1	0	1	1	1	0	0	1	?	0	0	1	0	?	0	0	?	0	1
0	0	0	0	0	0	0	0	0	1	0	0	1	0	0	0	0	1	0	0	0	0	0	0	0	0	0	0	0	1	0	0	0	0	0	0	0	0
?	?	0	?	0	?	?	0	?	?	?	?	1	1	1	1	1	1	1	1	?	1	1	1	?	1	1	1	?	?	1	1	0	?	1	1	?	1
0	0	0	0	0	0	0	0	0	0	0	0	0	0	0	0	0	0	0	0	1	1	1	1	1	1	1	1	1	1	1	1	1	1	1	1	1	1
0	0	0	?	0	0	0	1	0	1	0	0	0	0	0	0	0	0	0	0	0	0	0	0	?	0	0	0	0	0	0	0	?	0	0	0
1	?	1	1	1	?	1	?	0	0	1	1	1	1	1	1	1	1	1	1	1	1	1	1	1	1	1	1	1	1	1	1	1	1	1	1	1	1
1	1	0	1	1	?	0	?	1	1	0	0	0	0	0	0	0	0	0	1	1	?	0	1	1	0	0	0	0	0	0	0	0	0	0	0	0	0
1	1	1	1	1	1	1	1	1	1	1	1	1	1	1	?	1	1	1	1	1	1	1	1	1	1	1	1	1	1	1	1	1	1	1	1	1	1
0	0	0	0	0	0	0	0	0	0	0	0	0	0	0	?	0	0	0	0	0	0	0	0	0	0	0	0	0	0	0	0	0	0	0	0	0	0
1	1	1	1	1	1	1	1	1	1	1	1	1	1	1	1	1	1	1	1	?	1	1	1	1	1	1	1	1	1	1	1	1	1	1	1	1	1
0	0	0	0	0	0	0	0	0	0	1	1	1	1	1	1	1	1	1	1	?	1	1	1	0	1	1	1	1	1	1	1	1	1	1	1	1	1
1	1	1	1	1	1	1	1	1	1	1	1	1	1	1	1	1	1	1	1	1	1	1	1	1	1	1	1	1	1	1	1	1	1	1	1	1	1
0	0	0	0	0	0	0	0	0	0	0	0	0	0	0	0	0	0	0	0	0	0	0	0	0	0	0	0	0	?	0	0	0	0	0	0	0	0
1	?	0	1	?	?	?	?	?	0	0	?	1	1	?	?	?	?	?	1	0	0	?	?	?	1	1	?	?	?	1	?	1	?	1	1	1	1
?	?	1	0	?	?	?	?	?	1	1	?	0	0	?	?	?	?	?	1	1	1	?	?	?	0	1	?	?	?	0	?	0	?	0	0	0	0
0	0	0	0	0	0	0	0	0	0	0	0	1	1	0	?	1	?	?	1	0	?	?	0	?	0	0	?	?	0	1	0	0	?	0	0	0	0
0	0	0	0	0	0	0	0	0	0	0	0	1	0	0	?	0	?	?	1	0	?	?	0	?	?	1	?	?	1	1	1	?	?	1	1	1	1