Hateruma 0	0	0	0	?	?	0	0	0	0	0	0	0	0	0	0	0	0	?	?	?	?	0	0	0	0	1	0	0	1	0	0	0	1	1	0	1	0	1	0	1	1	0	1	0	0	0	0	0	0	0	0	0	0	0	0	0	1	0	0	?	1	1	?	?	0	1	?	1	1	0	1	1	0	1	0	0	0	0	1	1	?	1	1	0	1	1	?	1	0	0	1	0	1	1	0	?	?	?	0	0	0	0	0	0	0	0	0	0	1	?	0	0	0	0	?	1	1	0	0	0	0	0	0	1	0	?	1	?	1	?	?	0	0	0	?	0	0	0	0	?	0	0	1	1	?	0	1	?	0	0	0	0	0	0	0	0	0	1	?	?	?	0	1	?	?	?	?	?	?	?	0	?	0	?	0	0	1	0	?	?	0	1	1	0	0	0	0	1	1	0	0	0	0	0	1	?	1	0	0	0	0	1	0	?	1	1	1	0	1	1	0	?	0	0	1	1	1	0	1	0	1	0	1	?	0	0
Ikema 0	0	0	0	?	?	?	?	?	?	?	?	0	?	0	0	0	1	?	?	?	?	0	0	0	0	?	0	0	0	0	1	?	1	?	0	1	0	1	0	1	1	?	?	0	0	0	0	0	0	0	0	0	0	0	0	?	1	?	0	?	1	?	?	?	0	1	?	0	1	0	?	1	0	1	0	0	0	0	1	?	?	0	1	0	1	0	?	1	0	0	1	0	1	1	0	0	0	0	0	0	?	0	0	0	0	?	?	?	1	0	0	?	?	0	?	1	?	?	?	?	0	0	0	1	0	?	?	?	?	?	?	0	0	0	?	0	0	0	?	?	0	0	1	?	?	0	1	?	0	0	0	0	0	0	0	0	?	?	?	?	?	0	1	?	?	?	?	?	?	?	0	?	?	?	1	0	0	?	?	?	0	0	1	0	1	0	0	1	?	0	0	0	?	1	1	0	1	?	?	?	0	1	0	1	?	?	0	0	1	1	0	?	0	0	?	1	1	0	1	0	1	0	?	?	0	0
Japanese 0	0	0	0	0	0	0	1	0	1	0	0	0	1	0	0	0	0	1	1	0	1	0	0	0	0	1	0	0	1	1	1	1	1	1	0	1	0	1	0	1	1	0	1	0	0	0	0	0	0	0	0	0	0	0	0	1	1	0	0	0	1	1	0	1	0	1	0	0	1	0	1	1	0	1	0	0	0	0	1	1	1	0	1	0	1	1	1	1	0	0	1	0	0	1	0	0	0	1	0	0	0	0	0	0	0	0	1	0	1	0	0	1	1	0	1	1	1	1	0	0	1	0	0	1	0	0	0	0	1	0	0	0	0	0	1	0	0	0	0	0	0	0	1	1	1	0	1	0	0	0	0	0	0	0	0	0	0	0	1	0	1	0	1	1	0	0	1	0	0	0	0	1	0	1	1	0	0	1	0	1	0	0	1	0	1	0	0	1	1	0	0	0	1	0	1	0	1	0	0	0	0	1	0	1	1	0	1	0	0	1	0	0	0	0	1	0	1	0	1	0	1	0	0	1	0	0
Ogami 0	0	0	0	0	0	0	0	0	0	0	0	0	0	0	0	0	0	1	0	1	0	0	0	0	0	1	0	0	0	0	1	1	1	1	0	1	0	1	0	0	1	0	1	0	0	0	0	0	0	0	0	0	0	0	0	0	1	1	0	0	1	1	0	?	0	0	1	1	1	0	0	?	0	1	0	0	0	0	1	1	1	0	1	0	1	0	?	1	0	0	1	0	1	1	0	0	0	1	0	0	1	0	0	0	0	0	0	0	1	0	0	0	0	0	1	0	1	0	0	0	1	0	0	1	0	0	0	0	1	0	0	0	1	0	1	0	0	0	0	0	0	0	1	1	?	0	1	0	0	0	0	0	0	0	0	0	0	1	0	0	1	0	1	0	0	0	1	0	0	0	0	?	0	1	1	0	0	0	0	1	0	0	1	0	1	1	0	1	1	0	0	0	1	1	0	?	1	0	0	0	0	0	0	1	1	0	0	0	?	1	0	?	0	?	1	1	1	0	1	0	1	0	1	0	0	0
Okinoerabu 0	0	0	0	?	?	0	0	0	1	0	0	0	0	0	0	0	0	1	1	1	0	0	0	0	0	1	0	?	?	?	1	1	1	1	0	1	0	1	0	1	1	0	1	0	0	0	0	0	0	0	0	0	0	0	0	0	1	0	0	0	1	1	0	0	0	1	?	0	1	0	?	1	0	1	0	0	0	0	1	1	?	?	1	0	1	0	?	1	0	0	1	0	?	1	0	?	?	?	0	0	0	0	0	0	?	0	?	0	?	0	0	0	0	0	?	?	?	?	?	?	0	0	0	1	0	?	?	?	1	0	0	0	0	0	?	0	0	0	?	?	0	0	1	1	1	0	1	0	0	0	0	0	0	0	0	0	0	1	1	0	1	0	1	?	0	0	1	0	0	0	0	?	?	?	1	0	0	1	0	0	0	0	1	0	0	0	0	1	1	0	0	0	1	0	1	?	1	0	0	0	0	1	0	1	1	0	0	0	1	1	0	0	0	0	1	1	1	0	1	0	1	0	?	?	0	0
Shuri 0	0	0	0	0	?	0	0	0	1	0	0	0	0	0	0	0	0	?	?	?	?	0	0	0	0	1	0	0	1	1	1	1	1	1	0	1	0	1	0	1	1	0	1	0	0	0	0	0	0	1	0	0	0	0	0	0	1	0	0	?	1	1	?	?	0	1	?	0	1	0	1	?	0	1	0	0	0	0	1	1	?	?	1	0	?	0	0	1	0	0	1	0	1	1	0	?	?	?	0	0	0	0	0	0	0	0	0	0	1	0	0	0	0	0	?	?	?	?	?	?	0	0	0	1	0	?	?	?	?	?	?	0	0	0	?	0	0	0	0	?	0	0	1	?	?	0	1	0	0	0	0	0	0	0	0	0	0	0	0	?	?	0	1	?	0	0	?	?	?	?	0	?	0	1	1	0	0	1	?	?	0	0	1	0	0	0	0	?	1	0	0	0	1	0	1	?	1	0	0	0	0	0	0	1	1	?	0	0	1	1	0	?	0	0	?	?	1	0	1	0	1	0	?	?	0	0
Tarama 0	0	0	0	0	?	0	0	0	?	?	?	0	0	0	0	0	1	?	?	?	?	0	0	0	0	1	0	?	1	1	1	1	1	1	0	0	0	1	0	1	1	0	0	0	0	0	0	0	0	0	0	0	0	0	0	?	1	0	0	?	1	?	?	?	0	1	?	0	1	0	?	?	0	?	?	0	0	0	1	?	?	?	1	0	1	1	?	1	0	0	?	0	?	1	0	0	0	1	0	0	0	0	0	0	0	0	?	0	1	0	0	0	0	0	?	1	?	?	?	?	0	0	0	1	0	?	?	?	?	?	?	0	0	0	?	0	1	0	?	?	0	0	?	?	?	0	1	0	0	0	0	0	0	0	0	0	0	0	?	?	1	0	1	?	0	0	?	?	?	?	0	?	?	?	1	0	0	0	?	?	0	0	1	0	0	0	0	1	1	0	0	0	1	1	1	1	1	0	0	1	0	1	0	1	?	?	0	0	1	?	0	?	0	0	1	0	1	0	1	0	1	0	?	?	0	0
Yonaguni 0	0	0	0	?	?	0	0	0	1	0	0	0	0	?	0	0	1	1	?	?	?	0	0	0	0	1	0	0	1	1	1	1	1	1	0	1	0	1	0	1	1	0	1	0	0	0	0	0	0	0	0	0	0	0	0	0	1	0	0	?	1	?	0	0	0	1	?	1	1	0	1	1	0	1	0	0	0	0	1	1	1	0	1	0	1	1	0	1	0	0	1	0	?	1	0	?	?	?	0	0	0	0	0	0	0	0	?	0	1	1	0	0	0	0	?	0	1	0	0	0	0	0	0	1	0	0	0	0	1	?	?	0	0	0	?	0	1	0	?	?	0	0	1	1	0	0	1	0	0	0	0	0	0	0	0	0	1	0	?	?	1	0	1	?	?	?	?	0	?	0	0	1	?	?	1	0	0	0	0	1	0	0	1	0	0	0	0	1	0	0	0	?	?	0	1	?	0	0	0	1	1	0	0	0	0	?	0	0	1	0	0	0	0	1	?	?	1	0	1	0	1	0	?	?	0	0
Yuwan 0	0	0	0	?	?	0	0	1	1	0	0	0	1	0	0	0	0	1	?	1	?	0	0	0	0	1	0	0	1	?	1	1	1	?	0	1	0	1	0	1	1	0	1	0	0	0	0	0	0	0	0	0	0	0	0	0	1	0	0	?	?	?	?	?	0	1	?	0	1	0	1	1	0	1	0	0	0	0	1	1	1	?	1	0	1	0	1	1	?	0	1	0	1	1	0	?	?	1	0	0	?	0	0	0	0	0	0	0	1	0	0	0	0	0	?	0	1	0	1	0	0	0	0	1	0	?	?	?	1	?	?	0	0	0	?	0	0	0	?	?	0	0	1	1	?	0	1	1	0	0	0	0	0	0	0	0	0	0	?	1	1	0	1	0	0	0	1	0	0	0	0	?	?	?	1	0	0	1	0	1	0	0	1	0	?	0	0	1	0	0	0	0	1	0	1	?	1	0	0	0	0	0	0	1	1	0	0	0	1	1	0	?	0	0	0	1	1	0	1	0	1	0	?	?	0	0
Korean 0	0	0	0	?	0	0	0	0	1	0	0	0	?	0	0	0	1	1	1	1	1	0	0	0	0	1	0	0	1	1	1	0	1	1	0	1	0	1	0	0	1	1	0	0	0	0	0	0	0	0	0	0	0	0	0	1	1	0	?	?	1	1	1	1	0	1	1	0	1	0	1	1	0	1	?	0	0	0	1	1	1	0	0	0	1	1	1	1	0	0	1	0	1	1	1	0	1	1	0	0	0	0	0	0	0	0	0	0	1	0	0	0	0	0	1	0	1	0	1	0	0	0	0	1	0	0	0	0	1	0	1	0	0	0	1	0	0	1	?	0	0	0	1	1	1	1	1	0	0	0	0	0	0	0	0	0	1	0	0	1	1	0	1	0	0	0	1	0	0	0	0	?	?	?	1	?	1	1	0	1	0	0	1	0	0	0	0	1	1	1	0	0	1	0	0	0	1	0	0	1	1	0	0	1	0	0	1	0	0	1	1	?	0	1	0	1	1	0	1	0	1	0	0	1	0	0
EvenD 0	0	0	0	?	0	0	0	0	0	0	0	0	0	0	0	0	1	1	1	1	1	0	0	0	0	0	0	0	0	0	1	1	1	1	0	1	0	1	0	1	0	1	0	1	0	1	0	0	0	0	0	0	?	0	0	0	?	1	?	?	1	1	?	1	0	?	?	0	0	0	?	?	0	?	?	0	0	0	1	?	?	?	?	?	0	?	0	1	0	0	?	?	1	?	0	0	0	0	0	0	0	0	0	0	0	1	1	0	?	1	0	0	0	0	1	0	1	0	0	0	?	?	?	?	?	0	1	0	0	1	0	?	?	0	0	?	1	?	?	?	0	0	?	1	?	?	1	0	0	0	0	0	0	0	0	0	0	0	?	?	?	?	?	?	?	?	1	0	0	0	0	?	?	?	1	0	0	0	?	?	0	0	0	1	0	0	0	1	1	?	?	1	0	?	1	0	1	1	1	0	1	0	1	1	0	1	0	0	?	?	0	?	0	0	1	0	1	0	1	1	1	0	0	1	0	0
EvenB 0	0	0	0	1	?	1	0	0	0	0	0	0	1	0	0	0	1	?	?	?	?	0	0	0	0	0	0	1	0	0	1	1	1	1	0	1	0	1	0	1	1	1	1	1	0	1	0	0	0	0	0	0	0	0	0	0	1	1	0	0	1	1	0	1	0	1	?	0	0	0	?	?	0	1	?	0	0	1	1	0	?	0	1	0	?	0	0	1	0	0	?	?	1	1	0	?	?	?	0	0	0	0	0	0	0	?	0	0	1	0	0	0	0	0	?	?	?	?	?	?	1	0	0	1	0	0	1	0	0	1	0	0	1	0	?	0	1	0	0	1	0	0	1	1	?	0	1	0	0	0	0	0	0	0	0	0	0	0	0	?	?	1	?	?	0	0	1	0	0	0	0	?	0	0	1	0	0	0	0	0	0	0	0	1	0	0	0	1	1	0	1	1	0	0	1	0	1	0	1	0	1	0	1	1	0	0	1	0	1	1	0	?	0	0	1	0	1	0	1	1	1	0	?	?	0	0
Evenki 0	0	0	0	?	1	1	0	0	0	0	0	0	0	0	0	0	1	1	1	1	1	0	0	0	0	1	0	1	0	0	1	1	1	1	0	1	0	1	0	1	1	1	1	1	0	1	0	0	0	0	0	0	0	0	0	0	0	1	0	0	1	1	0	1	0	1	0	1	1	1	0	?	?	0	?	0	0	0	1	1	0	0	0	0	0	0	0	1	0	0	1	0	1	1	0	0	0	1	0	0	0	0	0	0	0	1	1	0	1	1	0	0	0	0	1	0	0	1	1	0	1	0	0	1	0	0	1	0	0	1	0	0	0	0	0	0	1	0	0	0	0	0	1	1	0	1	1	0	0	0	0	0	0	0	0	0	0	0	1	0	0	0	1	1	0	0	1	0	0	0	0	0	0	0	1	0	0	0	0	0	0	0	1	1	0	0	0	0	1	0	1	1	0	0	1	?	1	1	1	0	1	0	1	1	0	0	1	0	1	1	1	1	0	0	1	0	1	0	1	1	1	0	1	0	1	1
Nanai 0	0	0	0	1	1	0	0	0	0	0	0	0	0	0	0	0	1	1	1	1	0	0	0	0	0	1	0	1	0	0	1	1	1	1	0	1	0	1	0	1	1	1	0	1	0	1	0	0	0	0	0	0	0	0	0	0	1	0	0	0	1	1	0	0	0	1	0	0	0	1	0	0	0	0	0	0	0	0	1	1	1	0	1	0	1	1	1	0	0	0	1	0	1	1	0	0	0	1	0	0	0	0	0	0	0	0	0	0	1	0	0	0	0	0	1	0	1	1	0	1	0	0	0	1	0	0	0	0	1	0	0	0	0	0	1	0	1	0	0	0	0	0	0	1	?	0	1	0	0	0	0	0	0	0	0	0	0	0	1	0	1	0	1	0	0	0	1	0	0	0	0	0	0	0	1	0	0	0	0	0	0	0	0	1	0	0	0	1	1	0	0	1	0	0	1	1	1	1	1	0	1	0	1	1	1	0	1	0	1	0	0	1	0	0	1	0	1	0	1	1	1	0	1	0	1	0
Negidal 0	0	0	0	1	0	1	0	0	0	0	0	0	?	0	0	0	1	1	?	?	1	0	0	0	0	1	0	1	0	0	1	1	1	1	0	1	0	1	0	1	1	1	1	1	0	1	0	0	0	0	0	0	0	0	0	0	0	1	0	0	?	?	?	1	0	?	?	1	0	1	?	?	0	?	?	0	0	0	1	1	?	0	1	0	1	?	?	1	0	0	1	0	0	1	?	?	?	?	0	0	0	0	0	0	0	0	?	0	1	1	0	0	0	0	?	0	0	1	0	0	0	0	0	1	0	0	1	0	0	0	0	0	0	0	1	0	1	0	0	?	0	0	1	1	?	1	1	0	0	0	0	0	0	0	0	0	0	0	0	?	?	?	?	?	?	?	1	0	0	0	0	?	0	0	1	0	0	0	?	?	0	0	0	1	0	0	0	?	1	0	1	1	0	0	1	0	1	1	1	1	1	0	0	1	1	0	1	0	1	1	0	1	0	0	1	0	1	0	1	1	1	0	?	?	0	0
Ulch 0	0	0	0	0	?	0	0	0	0	0	0	0	0	0	0	0	1	?	1	1	1	0	0	0	0	1	0	1	0	0	1	1	1	1	0	1	0	1	0	1	1	1	1	1	0	1	0	0	0	0	0	0	0	0	0	0	1	0	0	0	1	1	1	0	0	1	0	?	?	1	1	?	0	0	?	0	0	0	1	?	1	0	1	0	1	?	?	1	0	0	?	0	1	1	0	0	0	1	0	0	0	0	0	0	0	0	1	0	1	0	0	0	0	0	1	?	?	?	?	?	0	0	0	1	1	0	0	0	1	0	0	0	0	0	1	0	1	1	?	?	0	0	?	1	0	0	1	0	0	0	0	0	0	0	0	0	0	0	1	?	?	0	1	?	?	?	1	0	0	0	0	?	0	?	1	0	0	1	?	?	0	0	0	1	0	0	0	?	1	1	0	1	0	0	1	0	1	1	1	0	1	0	1	1	0	?	1	0	1	?	0	1	0	0	1	0	?	?	1	1	1	0	?	?	?	?
Oroch 0	0	1	0	?	0	1	0	0	0	0	0	0	0	0	0	0	0	1	1	1	1	0	0	0	0	?	0	1	0	0	1	1	1	1	0	1	0	1	0	1	1	1	1	1	0	1	0	0	0	0	0	0	0	0	0	0	1	1	0	0	1	1	1	1	0	1	?	1	0	0	?	?	0	?	?	0	0	0	1	?	?	?	1	1	1	?	1	1	0	0	1	?	1	1	0	0	0	1	0	0	0	0	0	0	0	0	0	0	1	0	0	0	0	0	?	?	?	?	1	?	?	?	0	1	0	0	1	0	0	0	0	0	0	0	1	0	1	0	?	?	0	0	1	1	?	0	1	0	0	0	0	0	0	0	0	0	0	0	?	0	?	?	1	?	?	?	1	0	0	0	0	?	?	?	1	0	0	0	?	?	0	0	0	1	0	0	0	1	1	0	1	1	0	0	1	1	1	1	1	0	1	1	1	1	1	0	1	0	?	1	0	1	0	0	1	0	1	0	1	1	1	0	?	?	1	0
Orok 0	0	0	0	?	1	0	0	0	0	0	0	0	0	?	0	0	0	?	?	?	?	0	0	0	0	0	0	1	0	0	1	1	1	1	0	1	0	1	0	1	1	1	?	1	0	1	0	0	0	0	0	0	0	0	0	0	0	?	0	0	1	1	?	?	0	1	?	?	?	?	?	?	0	1	0	0	0	0	1	1	1	?	0	?	0	0	?	1	0	0	1	?	1	1	0	?	?	?	0	0	0	0	0	0	0	0	0	0	?	?	0	0	0	0	?	0	1	1	1	?	0	0	0	1	0	0	0	0	1	0	0	0	0	0	?	0	1	0	?	?	0	0	1	1	0	?	1	0	0	0	0	0	0	0	0	0	?	?	1	0	1	0	1	?	0	0	1	0	0	0	?	?	?	?	1	0	0	0	0	0	0	0	1	1	?	?	?	?	1	?	?	1	0	0	1	?	1	1	1	?	1	0	0	1	1	0	1	0	1	1	1	1	0	0	1	0	1	0	1	1	1	0	?	?	?	?
Solon 0	0	0	0	1	?	1	0	0	0	0	0	0	0	?	0	0	1	1	?	?	?	0	0	0	0	0	0	0	0	0	1	1	1	1	0	1	0	1	0	1	1	1	1	1	0	1	0	0	0	0	0	0	0	0	0	0	0	1	0	0	?	1	?	1	0	1	?	1	1	1	?	1	0	?	0	0	0	0	1	1	1	0	0	?	0	0	?	1	0	0	1	0	1	1	0	0	0	0	0	0	0	0	0	0	0	0	?	0	?	?	0	0	0	0	?	0	1	1	1	1	0	0	0	1	0	0	1	0	0	0	0	0	0	0	?	0	1	?	?	?	0	0	1	1	0	1	1	0	0	0	0	0	0	0	0	0	0	0	0	0	1	0	1	0	0	0	1	0	0	0	?	?	?	?	1	0	0	0	0	0	0	0	1	1	0	0	0	?	?	0	1	0	0	0	1	1	1	1	1	0	1	0	1	1	0	0	1	0	1	1	0	1	0	0	1	0	1	0	1	1	1	0	?	?	?	?
Udehe 1	0	0	1	1	1	1	0	0	0	0	0	0	0	0	0	0	0	1	1	0	1	0	0	0	0	0	0	1	0	0	1	1	1	1	0	1	0	1	0	0	1	1	1	1	0	1	0	0	0	0	0	0	0	0	0	0	0	0	0	0	1	1	1	1	0	1	0	1	1	1	0	1	0	1	0	0	0	0	1	1	0	0	0	0	0	0	1	1	0	0	1	1	1	1	0	0	0	1	0	0	0	0	0	0	0	1	0	0	1	0	0	0	0	0	1	0	1	1	1	1	1	0	0	0	0	0	1	0	0	0	0	0	0	0	1	0	1	0	0	1	0	0	1	1	?	1	1	0	0	0	0	0	0	0	0	0	0	0	0	0	0	1	1	1	0	0	1	0	0	0	1	0	0	0	1	?	1	0	0	0	0	0	0	1	0	0	0	1	1	0	0	1	0	0	1	0	1	1	1	0	1	0	0	1	1	0	1	1	0	1	0	1	0	0	1	1	1	0	1	1	1	0	1	1	1	1
Baoan 0	0	0	0	0	?	1	0	0	0	0	1	0	0	0	0	1	1	1	1	1	1	0	0	0	0	0	0	0	0	0	1	1	1	1	0	1	0	1	0	0	1	1	1	0	0	0	0	0	0	0	0	0	0	?	?	0	0	0	0	0	?	1	0	1	0	1	?	1	1	0	?	?	0	0	0	0	0	0	1	1	?	1	0	0	1	0	?	0	0	0	0	0	?	1	0	1	0	1	0	1	0	0	0	0	0	0	?	0	?	?	0	0	0	0	?	0	1	1	0	0	0	0	0	0	0	0	1	0	0	0	0	0	1	0	?	0	0	1	0	?	0	0	0	1	0	?	1	?	0	0	0	0	0	0	0	0	0	0	1	?	1	0	1	0	?	?	1	0	0	0	?	?	0	0	1	0	1	0	?	?	0	0	1	?	0	0	1	1	1	0	0	1	1	0	1	1	1	1	1	1	1	1	1	0	0	0	1	1	1	0	0	?	1	0	1	1	1	0	?	?	1	0	0	1	0	0
Buriat 0	0	0	0	0	1	0	0	0	0	0	0	0	0	0	0	0	1	0	1	1	1	0	0	0	0	0	0	0	?	0	1	1	1	1	0	1	0	1	0	1	1	0	1	1	0	1	0	0	0	0	0	0	?	0	0	?	1	0	0	0	0	1	0	1	0	1	?	1	1	0	0	?	0	0	?	0	0	0	1	?	1	?	1	0	1	?	?	1	0	0	?	0	1	1	0	0	0	1	0	0	0	0	0	0	0	1	1	0	1	?	0	0	0	0	1	0	0	0	1	1	0	0	0	1	0	0	1	0	0	0	0	0	0	0	0	0	0	0	0	?	0	0	?	1	0	0	1	1	0	0	0	0	0	0	0	0	0	0	1	0	1	0	1	0	?	?	1	0	0	0	0	?	0	0	1	?	1	1	?	?	0	0	1	1	0	0	0	1	1	1	0	0	0	0	1	1	1	1	1	1	1	1	1	1	1	0	?	1	1	1	0	1	1	0	1	?	1	0	1	1	1	0	0	1	?	?
Kalmyk 0	0	0	0	?	?	0	0	0	0	0	0	0	1	0	0	0	1	?	1	?	1	0	0	0	0	0	0	?	0	0	1	1	1	1	0	1	0	1	0	0	1	0	1	0	0	0	0	0	0	0	0	0	0	0	0	0	0	0	?	?	?	1	1	1	0	?	?	1	1	1	?	?	0	?	?	0	0	0	1	?	1	0	1	0	1	0	?	1	0	0	1	0	0	1	0	0	1	1	0	0	0	0	0	0	0	0	0	0	1	?	0	0	0	0	?	0	1	1	0	1	0	0	0	1	0	0	1	0	0	0	0	0	1	0	1	0	0	1	?	?	0	0	?	1	0	0	1	0	0	0	0	0	0	0	0	0	0	0	1	0	1	0	1	?	0	0	1	0	0	0	?	?	?	?	1	0	1	1	?	?	0	0	0	1	0	0	0	?	1	1	0	0	?	0	1	1	1	?	1	1	?	1	1	1	?	0	?	1	0	1	0	1	1	0	1	0	1	0	1	1	1	0	?	?	?	?
Khalkha 0	0	0	0	?	1	0	0	?	0	0	0	0	1	0	0	0	1	0	1	1	1	0	0	0	0	0	0	0	0	0	1	1	1	1	0	1	0	1	0	1	1	0	1	0	0	0	0	0	0	0	0	0	0	0	0	0	1	?	0	0	0	1	1	1	0	1	?	1	1	0	0	?	0	0	0	0	0	0	1	?	1	1	0	0	1	0	?	1	0	0	1	0	1	1	0	?	?	0	0	0	0	0	0	0	0	0	0	0	0	0	0	0	0	0	1	0	1	1	1	1	0	0	0	1	0	0	1	0	0	0	0	0	0	0	0	0	?	1	0	?	0	0	1	1	?	0	1	1	0	0	0	0	0	0	0	0	0	0	1	1	1	0	1	0	0	0	1	0	0	0	0	?	0	0	1	?	1	0	0	0	0	0	1	1	0	0	0	1	1	?	?	0	0	0	1	?	1	1	1	1	1	1	1	1	1	0	1	1	1	1	0	1	1	0	1	1	1	0	1	1	1	0	?	?	0	0
Mangghuer 0	0	0	1	0	?	0	0	0	0	0	0	0	0	0	0	0	1	1	?	?	?	0	0	0	0	0	0	0	0	0	1	1	1	1	0	1	0	1	0	?	1	?	1	0	0	0	0	0	0	0	0	0	0	0	0	1	0	0	0	0	0	1	0	1	0	1	1	0	0	0	0	?	0	0	0	0	0	0	1	1	1	1	0	0	1	0	1	0	0	0	1	0	0	1	0	0	0	0	0	0	0	0	0	0	0	0	?	0	?	?	0	0	0	0	?	0	1	1	0	0	0	0	0	0	0	0	1	0	0	?	0	0	1	0	0	0	0	1	0	0	0	0	0	1	0	0	1	0	0	0	1	0	1	0	0	0	0	1	1	?	1	0	1	0	0	0	1	0	0	0	0	?	0	0	1	0	1	0	0	0	0	0	1	1	0	0	0	1	1	0	0	0	1	1	0	?	1	1	1	0	0	0	1	0	0	0	1	1	?	0	0	?	1	?	1	1	1	0	1	0	1	0	?	?	?	?
Chuvash 0	0	0	0	0	0	0	0	0	1	0	0	0	0	0	0	0	1	1	1	0	1	0	0	0	0	0	0	1	0	0	1	1	1	1	0	1	0	1	0	1	1	0	0	1	0	1	0	0	0	0	0	0	0	0	0	1	1	0	0	0	1	1	1	1	0	0	0	1	1	1	0	1	0	0	0	0	0	0	1	1	1	1	1	0	1	0	0	0	0	0	1	0	0	1	0	0	0	1	0	0	0	0	0	0	0	0	0	0	0	0	0	0	0	0	1	0	0	0	1	0	0	0	0	1	0	0	1	0	0	1	0	0	0	0	0	0	0	0	0	?	0	0	0	1	0	1	1	0	0	0	0	0	0	0	0	0	1	?	0	0	1	0	1	0	0	0	1	0	0	0	1	0	0	0	1	0	1	1	0	0	0	0	1	1	0	0	0	1	1	1	0	0	0	0	0	1	1	1	1	?	0	0	1	0	0	0	1	1	1	0	0	1	1	0	1	0	1	0	1	1	1	0	1	0	0	1
Yakut 0	0	0	0	1	1	0	0	1	1	0	0	0	0	0	0	0	1	1	1	1	1	0	0	0	0	0	0	0	0	0	1	1	1	1	0	1	0	1	0	0	1	1	0	1	0	1	0	0	0	0	0	0	0	0	0	0	1	0	0	0	0	1	1	1	0	1	0	1	1	1	0	1	0	1	1	0	0	0	1	1	?	1	1	0	1	0	0	1	0	0	1	0	1	1	0	0	0	1	0	0	0	0	0	0	0	0	0	0	1	0	0	0	0	0	1	0	0	0	0	1	0	0	0	1	0	0	?	0	1	0	0	0	0	0	1	0	0	1	0	?	0	0	1	1	0	1	1	1	0	0	0	0	0	0	0	0	1	0	1	1	1	0	1	1	0	0	1	0	0	0	0	?	0	0	1	0	1	0	0	0	0	0	0	1	0	0	1	?	1	1	0	0	0	0	1	0	1	0	0	0	0	0	1	1	1	0	0	1	1	1	0	1	1	0	1	0	1	0	1	1	1	0	1	1	0	1
Khalaj 0	0	1	0	1	0	0	0	0	0	0	0	0	0	0	0	0	1	1	1	1	1	0	0	0	0	0	0	0	0	0	1	1	1	1	0	1	0	1	0	1	1	0	0	1	0	1	0	0	0	0	0	0	0	0	0	0	1	0	0	0	0	1	1	1	0	1	?	0	0	1	?	?	0	1	?	0	0	1	1	0	?	1	1	0	0	0	0	1	0	0	?	0	0	1	0	0	0	1	0	0	0	0	0	0	0	0	1	0	?	?	0	0	0	0	?	0	0	0	1	0	?	?	?	?	?	?	1	0	0	1	0	?	?	0	0	?	0	0	0	?	0	0	?	0	?	1	1	0	0	0	0	0	0	0	0	0	0	0	0	?	?	1	1	0	0	0	1	0	0	0	0	?	0	0	1	0	1	0	1	0	0	0	1	1	?	0	0	1	1	1	0	0	0	0	1	1	1	1	1	0	1	1	1	1	0	0	1	1	?	?	0	1	1	0	1	0	1	0	1	1	1	0	?	?	?	?
Shor 0	0	0	0	?	0	0	0	0	1	0	0	0	0	0	0	0	1	1	1	1	1	0	0	0	0	0	0	0	0	0	1	1	1	1	0	1	0	1	0	1	1	1	1	1	0	1	0	0	0	0	0	0	0	0	0	0	1	0	0	0	0	1	1	1	0	1	1	1	1	1	0	?	1	1	?	0	0	0	1	1	?	1	1	0	0	0	0	1	0	0	1	0	1	1	0	0	0	?	0	0	0	0	0	0	0	0	0	0	1	0	0	0	0	0	?	0	0	0	1	0	0	0	0	1	0	0	1	0	0	0	0	0	0	0	?	0	0	?	0	1	0	0	?	?	?	1	1	0	0	0	0	0	0	0	0	0	0	0	1	0	1	?	?	0	0	0	1	0	0	0	0	?	?	?	1	0	1	0	?	?	0	0	1	1	0	0	0	1	1	1	0	0	?	0	1	1	1	1	1	0	1	1	1	1	0	0	1	1	1	0	0	?	1	0	1	0	1	0	1	1	1	0	?	?	?	?
Tuvan 0	0	0	0	?	?	0	0	0	0	0	0	0	0	0	0	0	1	?	1	1	1	0	0	0	0	0	0	0	?	?	1	1	1	1	?	?	0	1	0	1	1	1	1	1	0	1	0	0	0	0	0	0	0	0	0	?	1	0	0	0	?	1	1	1	0	?	?	0	0	0	?	?	0	?	?	0	0	0	1	?	?	?	1	0	?	?	?	1	0	0	1	0	1	1	0	1	?	?	0	0	0	0	0	0	0	0	?	0	1	0	0	0	0	0	0	0	1	0	0	0	0	0	0	1	0	0	1	0	0	0	0	0	0	0	?	0	0	0	?	?	0	0	1	?	?	0	1	1	0	0	0	0	0	0	0	0	?	?	1	1	?	?	?	?	?	?	1	0	0	0	0	?	0	0	1	0	1	0	?	?	0	0	1	1	0	0	0	1	1	1	0	0	0	0	1	?	1	1	1	0	1	1	1	1	0	0	1	1	?	0	1	?	1	0	1	0	1	0	1	1	1	?	?	?	0	1
Khakas 0	0	1	0	?	1	0	0	0	1	0	0	0	0	?	0	0	1	1	1	0	1	0	0	0	0	0	0	0	0	0	1	1	1	1	0	1	0	1	0	1	1	1	1	1	0	1	0	0	0	0	0	0	0	0	0	0	1	0	0	0	?	1	1	1	0	1	?	1	1	1	?	1	0	?	?	0	0	0	1	?	1	1	1	0	0	0	?	1	0	0	1	0	1	1	0	?	?	1	0	0	0	0	0	0	0	0	0	0	1	0	0	0	0	0	1	?	1	?	1	?	0	0	0	1	0	0	1	0	0	0	0	0	0	0	1	0	0	0	?	?	0	0	1	?	0	1	1	0	0	0	0	0	0	0	0	0	0	1	?	1	1	1	1	0	0	0	1	0	0	0	0	?	?	?	1	0	?	0	?	?	0	0	1	1	0	0	0	1	1	0	0	0	0	0	1	?	1	1	1	0	1	1	1	1	0	0	1	?	1	1	0	1	1	0	1	0	1	0	1	1	1	0	1	0	1	1
CrimTatar 0	0	1	0	?	1	0	0	0	1	0	0	0	0	0	0	0	1	?	1	1	1	0	0	0	0	1	0	0	1	0	1	1	1	1	0	1	0	1	0	1	1	1	1	1	0	1	0	0	0	0	0	0	0	0	0	0	1	0	0	?	0	1	1	1	0	1	0	1	0	0	0	1	0	1	?	0	0	0	1	1	1	1	1	0	?	0	?	1	0	0	1	0	0	1	0	?	1	1	0	0	0	0	0	0	0	0	0	0	1	0	0	0	0	0	1	0	1	0	1	0	0	0	0	1	0	0	1	0	0	1	0	0	0	0	?	0	0	0	?	?	0	0	1	1	?	1	1	0	0	0	0	0	0	0	0	0	0	1	?	0	1	0	1	0	0	0	1	0	0	0	0	?	?	?	1	0	1	0	1	?	0	0	1	1	1	0	1	1	1	1	0	0	?	0	1	?	1	1	1	0	1	1	1	0	0	0	1	1	1	0	0	1	1	0	1	0	1	0	1	1	1	0	?	?	0	1
Tatar 0	0	0	0	?	1	0	0	0	1	0	0	0	0	0	0	0	1	?	1	1	1	0	0	0	0	0	0	0	0	0	1	1	1	1	0	1	0	1	0	1	1	1	0	1	0	1	0	0	0	0	0	0	0	0	0	0	1	0	0	0	0	1	1	1	0	1	0	1	1	1	?	1	0	?	?	0	0	0	1	1	1	?	1	0	0	?	?	1	0	0	?	0	1	1	0	0	0	0	0	0	0	0	0	0	0	0	0	0	1	0	0	0	0	0	1	?	?	?	?	?	1	0	0	1	0	0	1	0	0	1	0	0	0	0	0	0	0	0	0	?	0	0	?	1	?	0	1	0	0	0	0	0	0	0	0	0	0	1	0	?	1	0	1	0	0	0	1	0	0	0	1	?	0	0	1	0	0	0	1	0	0	0	1	1	1	0	0	1	1	1	0	0	?	?	1	?	1	1	1	0	1	1	1	0	0	0	1	1	1	?	0	0	1	?	1	0	1	0	1	1	1	0	1	0	0	?
Bashkir 0	0	0	0	?	1	0	0	0	0	0	0	0	0	0	0	0	1	1	1	1	1	0	0	0	0	0	0	0	0	0	1	1	1	1	0	1	0	1	0	1	1	1	0	1	0	1	0	0	0	?	?	?	?	0	0	0	1	?	?	?	?	1	1	1	0	1	?	1	1	0	?	?	0	1	?	0	0	0	1	1	?	?	1	0	0	0	?	1	0	0	1	0	1	1	0	?	?	1	0	0	0	0	0	0	0	0	0	0	1	?	0	0	0	0	1	0	1	0	1	0	1	0	0	1	0	0	1	0	0	1	0	0	0	0	1	0	0	0	?	?	0	0	?	?	0	0	1	1	0	0	0	0	0	0	0	0	0	0	0	0	0	0	1	0	0	0	1	0	0	0	?	?	?	?	1	?	1	0	?	?	0	0	1	1	0	0	0	1	1	1	0	0	0	0	1	1	1	0	1	0	1	1	1	0	0	0	1	1	1	0	0	?	1	0	1	0	1	0	1	1	1	0	?	?	?	?
Turkish 0	0	1	0	1	0	0	0	0	1	0	0	0	0	0	0	0	1	1	1	1	1	0	0	0	0	0	0	0	1	0	1	1	1	1	0	1	0	1	0	1	1	1	1	1	0	1	0	0	0	0	0	0	0	0	0	0	1	0	0	0	0	1	1	1	0	1	1	1	1	1	0	1	0	1	0	0	0	0	1	1	1	1	1	0	0	0	0	1	0	0	1	0	1	1	0	0	0	1	0	0	0	0	0	0	0	0	0	0	1	0	0	0	0	0	1	0	0	0	1	0	0	0	0	1	0	0	1	0	0	0	1	0	0	0	0	0	0	0	0	1	0	0	1	1	0	0	1	0	0	0	0	0	0	0	0	0	0	0	0	1	1	0	1	0	0	0	1	0	0	0	0	0	0	0	1	0	1	0	1	0	0	0	1	1	0	0	0	1	1	1	0	0	0	0	1	1	1	1	1	1	0	1	1	0	0	0	1	1	1	0	0	1	1	0	1	0	1	0	1	1	1	0	1	0	0	1
Gagauz 0	0	1	0	?	0	0	0	0	0	0	0	0	0	0	0	0	1	1	1	1	1	0	0	0	0	0	0	0	1	0	1	1	1	1	0	1	0	1	0	1	1	1	0	1	0	1	0	0	0	0	0	0	0	0	0	0	1	0	0	0	0	1	1	1	0	1	0	0	0	0	0	1	0	0	0	0	0	1	1	1	1	0	1	0	0	0	?	1	0	0	0	0	?	1	0	?	0	?	0	0	0	0	0	0	0	0	0	0	1	0	0	0	0	0	1	0	1	0	1	0	1	0	0	1	0	0	1	0	0	0	1	0	0	0	?	0	0	0	0	1	0	0	?	1	0	1	1	1	0	0	0	0	0	0	0	0	0	1	1	0	1	1	1	0	0	0	1	0	0	0	0	1	0	0	1	0	1	1	1	0	0	0	1	1	1	0	0	1	1	1	0	0	0	0	1	?	1	0	1	0	0	1	1	1	0	0	1	1	1	?	0	1	1	0	1	0	1	0	1	1	1	0	1	0	0	1
Azerbaijani 0	0	0	0	0	1	0	0	0	0	0	0	0	0	0	0	0	1	1	1	1	1	0	0	0	0	0	0	0	0	0	1	1	1	1	0	1	0	1	0	1	1	1	0	1	0	1	0	0	0	0	0	0	0	0	0	?	1	0	0	0	0	1	1	1	0	1	0	1	1	1	0	1	0	1	0	0	0	0	1	1	0	1	1	0	1	0	0	1	0	0	1	0	0	1	0	0	?	1	0	0	0	0	0	0	0	0	0	0	1	0	0	0	0	0	0	0	1	0	1	0	1	0	0	1	0	0	1	0	0	0	0	0	0	0	0	0	0	0	0	1	0	0	1	1	?	1	1	0	0	0	0	0	0	0	0	0	0	0	0	0	1	1	1	?	?	?	1	0	0	0	0	0	0	0	1	0	1	0	?	?	0	0	1	1	0	0	0	1	1	1	0	0	0	0	1	1	1	1	1	1	0	1	1	0	0	0	1	1	1	0	0	?	1		1	0	1	0	1	1	1	0	1	0	0	1
Turkmen 0	0	1	0	0	0	0	0	0	0	0	0	0	0	0	0	0	1	1	1	1	1	0	0	0	0	0	0	0	0	0	1	1	1	1	0	1	0	1	0	1	1	1	1	1	0	1	0	0	0	0	0	0	0	0	0	0	1	0	0	0	0	1	1	1	0	?	0	1	1	0	0	1	0	?	?	0	0	0	1	1	?	1	1	0	0	0	?	1	0	0	1	0	1	1	0	0	1	1	0	0	0	0	0	0	0	0	0	0	1	0	0	0	0	0	1	0	1	0	1	0	0	0	0	1	0	0	1	0	0	1	0	0	0	0	0	0	0	0	0	?	0	0	1	1		1	1	0	0	0	0	0	0	0	0	0	1	0	?	0	1	0	1	?	?	?	1	0	0	0	1	?	0	0	1	0	1	0	?	?	0	0	1	1	1	1	0	1	1	1	0	0	1	0	1	1	1	1	1	1	1	1	1	1	0	0	1	1	1	1	0	1	1		1	0	1	0	1	1	1	0	1	0	0	1
